# q S(q)
2.042689759324599841e+00 8.188338818664253616e-01
2.093126543505453796e+00 8.998932130238832539e-01
2.143563327686307751e+00 9.797795858787271550e-01
2.194000111867162595e+00 1.010041059187412493e+00
2.244436896048016550e+00 1.044672675078119894e+00
2.294873680228871393e+00 1.085677890882075447e+00
2.345310464409725348e+00 1.120366765763503691e+00
2.395747248590579304e+00 1.099310228318536753e+00
2.446184032771434147e+00 1.144478090948818139e+00
2.496620816952288102e+00 1.152941576844168869e+00
2.547057601133142946e+00 1.143601185272996812e+00
2.597494385313996901e+00 1.160191721809224807e+00
2.647931169494850856e+00 1.188012366014014942e+00
2.698367953675705699e+00 1.170040450583322178e+00
2.748804737856559655e+00 1.180008988120418323e+00
2.799241522037414498e+00 1.209512117415857624e+00
2.849678306218268453e+00 1.175120558375805313e+00
2.900115090399122408e+00 1.167410922142155139e+00
2.950551874579977252e+00 1.179436352655304665e+00
3.000988658760831207e+00 1.192780531456778315e+00
3.051425442941686050e+00 1.254737556973879675e+00
3.101862227122540006e+00 1.235648244880216851e+00
3.152299011303393961e+00 1.252631035954258287e+00
3.202735795484248804e+00 1.267527126224296863e+00
3.253172579665102759e+00 1.273937558547234339e+00
3.303609363845957603e+00 1.248107813131236865e+00
3.354046148026811558e+00 1.211746822380684430e+00
3.404482932207665513e+00 1.207880426552274455e+00
3.454919716388520357e+00 1.176888902182007257e+00
3.505356500569374312e+00 1.173066583904352589e+00
3.555793284750229155e+00 1.142095695751882189e+00
3.606230068931083110e+00 1.117920943915621246e+00
3.656666853111937066e+00 1.090530575645499489e+00
3.707103637292791909e+00 1.060542323405763820e+00
3.757540421473645864e+00 1.032883721391676612e+00
3.807977205654500708e+00 9.666350933558751635e-01
3.858413989835354663e+00 9.025775821559113288e-01
3.908850774016208618e+00 9.071225096777298935e-01
3.959287558197063461e+00 8.817442587075459137e-01
4.009724342377917417e+00 8.467210022316291607e-01
4.060161126558771372e+00 8.263108121662302574e-01
4.110597910739626215e+00 8.203036184362251237e-01
4.161034694920481058e+00 8.205749840748812751e-01
4.211471479101334126e+00 8.022113773341292831e-01
4.261908263282188969e+00 7.982987080375002487e-01
4.312345047463043812e+00 7.876338456157837564e-01
4.362781831643897767e+00 8.006781546182309972e-01
4.413218615824751723e+00 8.009752506808208716e-01
4.463655400005606566e+00 8.070554975552891586e-01
4.514092184186460521e+00 8.399346763799437898e-01
4.564528968367314476e+00 8.469474925878082150e-01
4.614965752548169320e+00 8.447361040089843565e-01
4.665402536729024163e+00 8.577410848802379251e-01
4.715839320909877230e+00 8.758744646467560013e-01
4.766276105090732074e+00 9.065033796069271732e-01
4.816712889271586917e+00 9.309910187540334503e-01
4.867149673452440872e+00 9.374841880966149343e-01
4.917586457633294827e+00 9.598444329748838655e-01
4.968023241814149671e+00 9.851912689175028603e-01
5.018460025995003626e+00 9.848142977092563255e-01
5.068896810175857581e+00 1.007838394128861337e+00
5.119333594356712425e+00 1.034583819787730619e+00
5.169770378537567268e+00 1.039512584312212162e+00
5.220207162718420335e+00 1.063983843948513197e+00
5.270643946899275178e+00 1.089985485713699909e+00
5.321080731080130022e+00 1.063196742013367668e+00
5.371517515260983977e+00 1.078915374776663327e+00
5.421954299441837932e+00 1.111578021918074644e+00
5.472391083622692776e+00 1.119781195705907617e+00
5.522827867803546731e+00 1.101558562856536749e+00
5.573264651984400686e+00 1.092208106463631312e+00
5.623701436165255529e+00 1.062636750551262388e+00
5.674138220346110373e+00 1.078597586246622830e+00
5.724575004526963440e+00 1.111488566489974072e+00
5.775011788707818283e+00 1.079213946585584560e+00
5.825448572888673127e+00 1.069756973036559478e+00
5.875885357069527082e+00 1.080968851787338370e+00
5.926322141250381037e+00 1.060800168179276470e+00
5.976758925431235880e+00 1.068887802385609875e+00
6.027195709612089836e+00 1.074015828326069233e+00
6.077632493792943791e+00 1.027730553148227699e+00
6.128069277973798634e+00 1.051436012605457826e+00
6.178506062154653478e+00 1.037627019796028449e+00
6.228942846335506545e+00 1.018261389797590066e+00
6.279379630516361388e+00 1.000592108851716011e+00
6.329816414697216231e+00 1.007330208619392486e+00
6.380253198878070187e+00 1.017223677881002875e+00
6.430689983058924142e+00 1.020447688730557356e+00
6.481126767239778985e+00 1.009802334438108851e+00
6.531563551420632940e+00 9.853234320221055942e-01
6.582000335601486896e+00 9.711130446637035174e-01
6.632437119782341739e+00 9.613692727794528325e-01
6.682873903963196582e+00 9.683590949697348238e-01
6.733310688144049649e+00 9.578409587904372913e-01
6.783747472324904493e+00 9.486166350567682981e-01
6.834184256505759336e+00 9.374950853446286647e-01
6.884621040686613291e+00 9.640458486456014997e-01
6.935057824867467247e+00 9.669556302064310493e-01
6.985494609048322090e+00 9.447195929948919435e-01
7.035931393229176045e+00 9.375397917223202704e-01
7.086368177410030000e+00 9.470837179330618971e-01
7.136804961590884844e+00 9.541085564265647800e-01
7.187241745771739687e+00 9.270069342816394942e-01
7.237678529952592754e+00 9.353871970039420169e-01
7.288115314133447598e+00 9.598944793485385540e-01
7.338552098314302441e+00 9.696486417697379734e-01
7.388988882495156396e+00 9.718422625286722294e-01
7.439425666676010351e+00 9.694534690602574223e-01
7.489862450856865195e+00 9.612730631758935607e-01
7.540299235037719150e+00 9.555590109496535645e-01
7.590736019218573105e+00 9.569141558923964785e-01
7.641172803399427949e+00 9.705528404884624649e-01
7.691609587580282792e+00 9.924262789969894305e-01
7.742046371761135859e+00 1.017933309671273268e+00
7.792483155941990702e+00 1.008689743864607413e+00
7.842919940122845546e+00 1.000359910445254075e+00
7.893356724303699501e+00 9.981370009914636299e-01
7.943793508484553456e+00 9.991222067665950224e-01
7.994230292665408300e+00 1.002640347948298816e+00
